# id	left	top	right	bottom	texture_id
[SPRITES]
#DISABLED-BRICK
20001	235	188	250	203	21

#COIN_BRICK
20002	274	188	289	203	21
20003	293	188	308	203	21
20004	312	188	327	203	21
20005	331	188	346	203	21


#QUESTION_BRICK
20006	157	188	172	203	21
20007	176	188	191	203	21
20008	196	188	211	203	21
20009	215	188	230	203	21

#NORMAL_BRICK
20010	588	189	603	203	21


# ani_id	sprite1_id	time1	sprite2_id	time2	...
[ANIMATIONS]
10000	20001	100
10001	20002	300	20003	300	20004	300	20005	300
10002	20006	240	20007	240	20008	240	20009	240
10003	20010	100

	