# id	left	top	right	bottom	texture_id
[SPRITES]
#NORMAL KOOPA WALKING LEFT
41001	96	50	111	77	11
41002	112	50	127	77	11

#NORMAL KOOPA WALKING RIGHT
41003	1266	50	1281	77	11
41004	1250	50	1265	77	11

#SHELL-IDLING
41005	128	48	143	63	11

#SHELL-ROLLING
41006	144	48	159	63	11
41007	160	48	175	63	11
41008	176	48	191	63	11

#KOOPA WAKING
41009	128	64	143	79	11

# ani_id	sprite1_id	time1	sprite2_id	time2	...
[ANIMATIONS]
6000	41001	100	41002	100
6001	41003	100	41004	100
6002	41005	100
6003	41006	100	41007	100	41008	100
6004	41009	20	41005	20
