# id	left	top	right	bottom	texture_id
[SPRITES]
#####  BIG ###############
#IDLE RIGHT & LEFT
11121	215	243	230	270	0
11111	175	243	190	270	0

#WALKING RIGHT
11222	255	243	270	270	0
11223	295	243	310	270	0

#WALKING LEFT
11212	135	243	150	270	0
11213	95	243	110	270	0

#RUNNING RIGHT
11321	213	323	232	350	0
11322	253	323	272	350	0
11323	293	323	312	350	0

#RUNNING LEFT
11311	174	323	193	350	0
11312	134	323	153	350	0
11313	94	323	113	350	0

#JUMP WALK RIGHT & LEFT
11417	335	243	352	270	0
11413	54	243	71	270	0

#JUMP RUN RIGHT & LEFT
11427	333	363	352	392	0
11423	54	363	73	392	0

#SIT RIGHT & LEFT 
11521	376	243	391	270	0
11511	15	243	30	270	0

#BRACE RIGHT & LEFT 
11621	215	283	232	310	0
11611	175	283	192	310	0

#DIE
13001	15	209	34	226	0

############ SMALL ################
 #IDLE RIGHT AND LEFT
12121	217	89	230	104	0
12111	177	89	190	104	0

#WALK RIGHT
12222	255	129	270	144	0
12223	255	169	270	184	0

#WALK LEFT
12212	135	129	150	144	0
12213	135	169	150	184	0

#RUN RIGHT
12321	255	129	270	144	0
12322	255	169	270	184	0
12323	215	169	230	184	0

#RUN LEFT
12311	135	129	150	144	0
12312	135	169	150	184	0
12313	175	169	190	184	0

#BRACE RIGHT & LEFT
12511	216	129	229	144	0
12521	176	129	189	144	0

#JUMP WALK RIGHT & LEFT 
12417	335	89	350	104	0
12413	55	89	70	104	0

#JUMP RUN RIGHT & LEFT 
12427	255	209	270	224	0
12423	135	209	150	224	0

# ani_id	sprite1_id	time1	sprite2_id	time2	...
[ANIMATIONS]
400	11121	100
401	11111	100

#WALKING RIGHT & LEFT 
500	11121	50	11222	50	11223	50
501	11111	50	11212	50	11213	50

#RUNNING RIGHT & LEFT
600	11321	50	11322	50	11323	50
601	11311	50	11312	50	11313	50

#JUMP WALK
700	11417	50
701	11413	50

#JUMP RUN
800	11427	50
801	11423	50

#SIT RIGHT & LEFT 
900	11521	100
901	11511	100

#BRACE RIGHT & LEFT 
1000	11621	100
1001	11611	100

#DIE
999	13001	100

################### SMALL #################
1100	12121	100
1102	12111	100


#WALK LEFT & RIGHT 
1200	12121	50	12222	50	12223	50
1201	12111	50	12212	50	12213	50

#RUN LEFT & RIGHT
1300	12321	50	12322	50	12323	50
1301	12311	50	12312	50	12313	50

#BRACE LEFT & RIGHT
1401	12511	50
1400	12521	50

#JUMP WALK
1500	12417	50
1501	12413	50

#JUMP RUN 
1601	12423	50
1600	12427	50