# list of object assets to load in this scene
[ASSETS]
mario.txt
brick.txt
goomba.txt
koopa.txt
mushroom.txt
assets\ground.txt
coin.txt
leaf.txt
pbutton.txt
hud.txt
#
[OBJECTS]
# type	x	y	extra_settings per object type
# type: 0 = Mario , 1 = Brick, 2 = Goomba, 3 = Koopa, 4 = Coin
# See OBJECT_TYPE constants in AssetIDs.h

# MARIO
0	10	400


#COIN
4	1088	336
4	1120	304
4	1152	272
4	1184	240
4	1216	208
4	1328	96
4	1344	96
4	1360	96
4	1472	128
4	1488	128
4	1536	144
4	1552	144
4	1568	144
4	1584	144
4	1616	128
4	1632	128
4	1648	128
4	1664	128
4	1712	128
4	1792	112
4	1744	144
4	1824	144
4	1696	160
4	2176	600
4	2176	536
4	2224	536
4	2224	600
4	2224	552
4	2224	584
4	2192	616
4	2208	616
4	2192	568
4	2208	568
4	2192	520
4	2208	520








#DCOIN
#id	x	y	multiCoin
8	176	368	0

#Brick 
# type: 1 = questioncoin, 2 = questionitems, 3 = hiddencoin, 4 = normal, 5 = disabled

#id	x	y	type	
1	192	368	1	
1	176	368	1	
1	224	320	1	
1	240	320	2
1	2096	400	3
1	656	400	2
1	704	368	1
1	2096	416	3
1	2112	416	3
1	2048	416	3
1	2032	400	6
1	2032	416	3
1	2016	384	3
1	2016	400	3
1	2016	416	3
1	2000	384	3
1	2000	400	3
1	2000	416	3
1	1984	384	3
1	1984	400	3
1	1984	416	3
1	1968	400	3
1	1968	416	3
1	1952	416	3
1	1440	144	2
1	416	336	1
1	1504	352	4
1	1520	352	4
1	1568	416	4
1	1584	416	4
1	1600	416	4
1	1584	400	4
1	1600	400	4
1	1600	384	4
1	1664	384	4
1	1664	400	4
1	1664	416	4
1	1680	400	4
1	1680	416	4
1	1696	416	4
1	2256	384	4
1	2272	384	4
1	2256	320	4
1	2272	320	4
1	1472	384	2

#goomba
2	224	416	1
2	528	416	1
2	832	400	1
2	880	400	1
2	944	400	2

#koopa
#3	224	400	1
3	576	368	1
3 	2110	350	1


#Platform
#id	x	y	cell_width	cell_height	length	depth	type	sprite

# normal platform
6	0	432	16	16	39	1	1	62000
6	624	416	16	16	29	1	1	62000
6	1152	432	16	16	22	1	1	62000
6	1536	432	16	16	5	1	1	62000
6	1664	432	16	16	36	1	1	62000
6	2256	432	16	16	42	1	1	62000

# colour platform
6	240	384	16	16	3	1	2	62000
6	272	352	16	16	3	1	2	62000
6	400	384	16	16	5	1	2	62000
6	464	352	16	16	4	1	2	62000
6	512	320	16	16	4	1	2	62000
6	512	400	16	16	6	1	2	62000
6	1312	160	16	16	4	1	2	62000
6	2144	384	16	16	3	1	2	62000
6	2176	288	16	16	3	1	2	62000
6	1264	400	16	16	7	1	2	62000
6	1296	368	16	16	7	1	2	62000
6	1328	336	16	16	7	1	2	62000

#cloud
6	1408	208	16	16	4	1	1	62000
6	1488	192	16	16	13	1	1	62000	


# Pipe
6	353	384	15	16	2	1	1	62000
6	353	401	15	18	2	1	1	62000
6	353	417	15	17	2	1	1	62000
6	2256	112	16	16	2	13	1	62000
6	1792	400	16	16	2	2	1	62000
6	1856	384	16	16	2	3	1	62000
6	2256	400	16	16	2	2	1	62000
6	2320	400	16	16	2	2	1	62000

#undergounrd
6	2096	656	16	16	20	1	1	62000
6	2080	496	16	16	1	11	1	62000
6	2224	640	16	16	20	1	1	62000
6	2240	624	16	16	20	1	1	62000
6	2256	608	16	16	20	1	1	62000
6	2272	592	16	16	20	1	1	62000
6	2288	576	16	16	20	1	1	62000
6	2304	560	16	16	20	1	1	62000
6	2352	544	16	16	20	1	1	62000
6	2352	528	16	16	20	1	1	62000
6	2352	512	16	16	20	1	1	62000
6	2096	496	16	16	20	1	1	62000




#Portal
#id	x	y	r	b	scene_id
#50	200	160	216	180	1
50	2256	117	2300	144	1
50	2330	496	2400	540	1

#HUD
100	5	5

[MAP]
#id	filePath.png	maxCol	maxRow	filePath.txt
700000	textures\tiles.png	73	21	textures\map-tiles.txt
