# id	left	top	right	bottom	texture_id
[SPRITES]
#NORMAL KOOPA WALKING LEFT
120000	96	50	111	77	50
121000	112	50	127	77	50

#NORMAL KOOPA WALKING RIGHT
122000	1266	50	1281	77	50
123000	1250	50	1265	77	50

#SHELL-IDLING
124000	128	48	143	63	50

#SHELL-MOVING
125000	144	48	159	63	50
126000	160	48	175	63	50
127000	176	48	191	63	50

# ani_id	sprite1_id	time1	sprite2_id	time2	...
[ANIMATIONS]
120001	120000	100	121000	100
120002	122000	100	123000	100
120003	124000	100
120004	125000	100	126000	100	127000	100
